Demo/Ecrins/ecrins.asc
ncols 250
nrows 250
xllcorner 900000
yllcorner 1900025
cellsize 25
nodata_value -99999
[rows 0 to 34 of 250, columns 78 to 155 of 250]
487.8 488.1 488.8 490 491.4 492.6 493.6 494.2 494.5 494.4 494 493.4 492.8 492.4 492.3 492.3 492.4 492.6 492.7 492.6 492.2 491.5 490.8 490.1 489.7 489.8 490 490.2 490.5 490.6 490.7 490.5 490.1 489.7 489.3 488.9 488.6 488.5 488.3 488.2 488 487.9 487.7 487.6 487.5 487.3 487.2 487.2 487.4 487.8 488.5 489.3 490 490.9 491.7 492.3 492.8 493.2 493.5 493.8 494 494.1 494.3 494.4 494.5 494.6 494.6 494.6 494.7 494.6 494.5 494.5 494.4 494.4 494.4 494.5 494.7 494.9
488 488.2 488.8 490 491.6 493.2 494.4 495.2 495.5 495.4 495 494.3 493.7 493.3 493.1 493.1 493.3 493.6 493.7 493.7 493.3 492.8 492.2 491.6 491.2 491.1 491.3 491.5 491.6 491.7 491.7 491.5 491.1 490.7 490.4 489.8 489.5 489.4 489.3 489 488.7 488.6 488.4 488.3 488.2 488 487.7 487.5 487.6 487.9 488.5 489.4 490.3 491.3 492.1 492.7 493.2 493.6 493.9 494.2 494.3 494.5 494.6 494.7 494.8 494.9 495 495 495 494.9 494.9 494.8 494.7 494.6 494.6 494.6 494.7 494.9
488.2 488.4 489 490.3 492.3 494.1 495.6 496.5 496.9 496.7 496.1 495.3 494.6 494.1 493.9 493.9 494.1 494.3 494.5 494.5 494.2 493.8 493.3 492.7 492.4 492.2 492.3 492.5 492.7 492.7 492.7 492.5 492.1 491.8 491.5 490.8 490.4 490.4 490.3 490 489.5 489.3 489.3 489.2 489 488.7 488.3 487.9 487.7 488.1 488.7 489.6 490.9 491.8 492.6 493.2 493.7 494 494.3 494.6 494.7 494.9 495 495.1 495.1 495.2 495.2 495.3 495.3 495.2 495.2 495.1 495 494.9 494.8 494.8 494.9 495
488.4 488.7 489.8 491.4 493.6 495.7 497.3 498.3 498.6 498.2 497.4 496.5 495.7 495.1 494.9 494.9 495.1 495.3 495.4 495.2 495 494.6 494.2 493.7 493.4 493.3 493.3 493.5 493.7 493.7 493.7 493.5 493.2 492.9 492.4 491.9 491.6 491.4 491.4 491.1 490.3 490.2 490.2 490.1 490 489.7 489.1 488.6 488.2 488.3 489.2 490.1 491.3 492.3 493.1 493.7 494.1 494.5 494.7 494.9 495.1 495.2 495.2 495.3 495.4 495.4 495.5 495.5 495.5 495.5 495.5 495.4 495.3 495.2 495.1 495.1 495.1 495.1
488.9 489.3 490.6 492.9 495.4 497.7 499.2 499.7 499.7 499.5 499.1 498.3 497.4 496.7 496.4 496.3 496.5 496.6 496.5 496.2 495.8 495.3 495 494.6 494.3 494.2 494.3 494.4 494.6 494.7 494.8 494.6 494.4 494.1 493.6 493.2 492.8 492.5 492.3 492 491.6 491.5 491.3 491.1 491.1 491 490.2 489.6 489 488.8 489.9 490.8 491.7 492.6 493.4 494 494.4 494.7 495 495.2 495.3 495.4 495.4 495.5 495.5 495.6 495.6 495.7 495.7 495.8 495.8 495.7 495.7 495.5 495.4 495.3 495.3 495.3
489.7 490.4 492.2 494.6 497.4 500.2 502.5 503.1 502.9 502.5 501.7 500.9 500.2 499.4 498.8 498.4 498.4 498.4 498 497.4 496.8 496.3 495.8 495.5 495.3 495.3 495.3 495.5 495.6 495.8 495.9 496 495.8 495.5 495 494.4 494 493.6 493.3 493 492.8 492.6 492.5 492.4 492.3 492.1 491.5 491 490.6 490.4 490.8 491.4 492.1 492.9 493.6 494.2 494.6 494.8 495.1 495.2 495.3 495.4 495.5 495.5 495.6 495.6 495.7 495.8 495.9 496 496.1 496 496 495.8 495.7 495.6 495.5 495.5
490.8 492 493.5 496 499.4 503.2 506.2 507.5 507.4 506.9 505.8 505.2 504.5 503.6 502.6 501.6 500.9 500.6 500 499 498.2 497.6 496.9 496.5 496.4 496.6 496.7 496.8 496.7 496.9 497.3 497.5 497.5 497.2 496.6 495.8 495.2 494.7 494.4 494.2 494.1 494 493.9 493.9 493.7 493.5 493 492.6 492.3 492 491.7 491.9 492.4 493 493.6 494.1 494.5 494.7 494.9 495.1 495.2 495.3 495.4 495.5 495.6 495.6 495.8 495.9 496.1 496.2 496.3 496.3 496.3 496.2 496 495.9 495.9 495.8
491.8 493 494.5 497.1 501.5 506.7 510.8 512.7 512.6 511.5 510.9 511 510.5 509.3 507.8 506.6 505.5 504.4 502.7 500.9 500.1 499.2 498.2 497.7 497.9 498.4 498.6 498.3 498.1 498.1 498.7 499.1 499.2 498.9 498.3 497.3 496.6 495.9 495.6 495.5 495.5 495.6 495.6 495.5 495.3 494.9 494.5 494.1 493.6 493 492.4 492.4 492.6 493.1 493.6 494 494.3 494.5 494.7 494.9 495 495.2 495.4 495.5 495.6 495.7 495.9 496.1 496.2 496.4 496.5 496.5 496.6 496.5 496.4 496.3 496.2 496.1
492.5 493.7 495.6 498.3 503.8 511 516.7 520.2 519.6 517.7 517.1 518.1 517.5 515.5 513.5 511.6 509.9 508 505.8 503.8 502.7 501.3 500 499.6 500 501.1 500.9 500 499.4 499.4 500.5 501.1 501.2 500.8 500 499 498.1 497.3 496.9 497 497.4 497.7 497.7 497.4 497 496.6 496.1 495.5 494.8 494 493.2 492.9 493 493.3 493.6 494 494.3 494.5 494.7 494.9 495.2 495.4 495.6 495.7 495.8 496 496.2 496.4 496.5 496.6 496.7 496.8 496.8 496.8 496.8 496.7 496.6 496.5
492.9 494.3 497.1 501.1 506.9 515.4 524.6 529.8 529.2 526.8 525.3 525.6 524.3 521.7 519.2 517 514.8 512.3 509.4 506.7 504.8 503.3 502.6 503.1 504 504.2 503.7 502.9 501.9 501.9 502.7 503.3 503.4 502.9 501.9 500.8 500.1 499 498.4 498.8 499.8 500.2 499.9 499.5 498.9 498.6 498.1 497.3 496.4 495.3 494.3 493.9 493.8 493.8 494.1 494.5 494.9 495.1 495.2 495.4 495.8 496.2 496.3 496.4 496.4 496.5 496.7 496.8 496.9 497 497 497.1 497.1 497.1 497.2 497.1 497 496.9
493.1 494.7 497.7 502.3 508.5 517.7 531.1 538.7 538.8 536.8 534.2 532.4 530.2 527.4 524.8 522.3 520.1 516.7 512.8 509.4 507.1 506 506 506.9 507.6 507.5 506.7 505.8 504.8 504.7 504.7 504.8 504.9 504.5 504.1 503.5 502.3 501.2 500.4 501.1 502.6 503 502.5 501.8 501 500.7 499.6 499.3 498.4 497.2 496.2 495.6 495.3 495.3 495.3 495.7 496.3 496.7 496.8 496.9 497.6 497.8 497.9 497.7 497.7 497.7 497.6 497.5 497.4 497.4 497.3 497.4 497.5 497.5 497.5 497.5 497.4 497.2
493.2 494.8 497.9 502.5 509.1 518.4 532.2 541.3 544.1 543.7 541.4 538.9 535.9 532.9 530.2 527.5 524.9 520.1 516 512.7 510.6 509.8 510.3 511.3 511.9 511.3 510.2 508.9 507.8 507.2 506.8 506.7 506.7 506.6 506.3 505.8 504.9 504.3 504 504.2 504.8 505.2 504.9 504.3 503.6 503.3 502.6 502.1 501.3 500.3 499.3 498.6 498.3 498 497.9 498.1 498.9 499.9 500.2 500 500.7 500.7 500.5 500.1 500.1 499.7 499 498.5 498.2 498 497.9 497.9 497.8 497.8 497.8 497.7 497.7 497.5
493.4 494.9 497.6 502.3 509 517.9 529.3 538.6 544.7 547 546.8 544.9 541.8 538.7 536 532.8 528.2 521.4 519.7 517.4 515.5 515.5 516.6 517.4 517.4 516.2 514.2 512.5 511.3 510.4 509.8 509.5 509.6 509.5 509.2 508.6 507.7 507.1 507 507.2 507.4 507.6 507.4 507 506.5 506 505.7 505.6 505.5 505.2 504.3 503.5 503 502.7 502.4 502.4 503.3 504.7 505.6 505.6 505.1 504.7 504.6 504.4 504.2 502.9 500.9 500.1 499.3 498.9 498.6 498.4 498.3 498.2 498.1 498 497.9 497.7
493.5 494.8 497.4 501.8 508.2 516.3 525.5 534.9 542.8 547.9 550.3 550.2 548 545.1 542.3 539.1 534.4 527.5 524.5 524 522.7 524.2 525.9 525.3 524 520.8 518.6 517.3 516.1 515.1 514.3 513.8 513.8 513.7 513 512 511 510.5 510.4 510.6 510.8 510.7 510.4 509.8 509.4 509 508.8 509.4 510.7 511.7 511.3 510.1 509.4 509.2 508.9 508.7 509.5 510.3 510.5 509.9 509.1 508.9 509.3 509.4 508.6 506.4 503.8 502.3 500.6 500 499.7 499.2 498.8 498.5 498.3 498.1 497.9 497.7
493.7 494.8 497 500.7 506.4 513.7 521.7 530.9 539.6 546.9 552.4 555.3 554.7 552.3 549.6 546.8 543.3 536.4 530.9 531.7 534.4 538.2 538.8 534.9 531.4 527.8 525.6 524.1 523.1 522.1 521.1 520.3 519.9 519.5 517.7 516.1 515.3 515.2 515.3 515.5 515.2 514.6 513.8 513 512.4 512.3 512.6 513.5 516.4 519.6 519.7 518.2 517.3 517.5 516.9 515.9 516.2 516.2 514.8 513.2 512.1 512.4 514.2 515.1 513.3 509.8 506.4 504 502.2 501.7 501.2 500 499.5 499 498.5 498.2 497.9 497.7
493.9 494.7 496.3 499 504.2 510.9 518.5 527 535.8 544.7 553.1 560.1 561.3 559.7 558 555.4 551.5 544.9 536.6 541.3 545.1 548.2 548.4 544.3 540.5 537.9 535.6 533.5 532.2 531.5 530.8 529.8 528.3 526.3 522.6 520.8 521.4 522.2 522.5 522.4 521 518.9 517.4 516.4 515.2 515.7 517.5 518.4 521.6 526.7 528.5 527.5 526.4 526.4 525.2 523.1 522.4 520.9 517.6 515.2 514.1 514.8 518.7 520.6 517.2 511.9 507.8 505.2 503.7 503.1 502.4 501.1 500.4 499.5 498.8 498.3 497.9 497.7
494.2 494.6 495.8 498.1 502.2 508.2 515.5 523.6 532.1 541.9 552.6 562.8 566.7 567.7 567.5 565.1 559.9 550.9 544.2 548.8 554.5 557.7 557.9 555.4 552.5 550.2 548.1 544.9 543 542.9 543.1 541.7 538.5 533.7 528.5 527.3 530 532.2 532.6 531.6 528 523.5 521.2 520.3 517.7 519.4 523.1 524.8 527.7 533 536.7 536.9 535.8 534.4 532.7 530.2 527 523 518.5 515.8 515.6 518 521.9 523.4 519.2 512.4 508.5 506.1 504.9 504.1 503.2 502.3 501.2 500.1 499.2 498.4 497.9 497.6
494.5 494.7 495.5 497.2 500.3 505.3 512.1 520.1 528.9 539.2 550.8 561.7 570.3 576.1 577.3 576 570.3 560.9 556.4 559.1 564.6 568.2 569.2 567.8 565.5 562.9 560.7 557.2 554.5 555.2 556.2 553.9 548.6 541.9 536.3 536.6 540.1 542.8 542.8 541.3 535.2 529.3 525.7 522.9 521.4 525.4 530.3 532.9 534.7 537.5 541.7 543.3 542.6 540.5 538.9 535.7 530 523.6 518 515.3 516.8 520.4 523.7 525.4 520.1 513.4 509.5 507.2 505.9 505 504.1 503.1 502 500.9 499.8 498.9 498.1 497.8
495 495 495.3 496.4 498.4 502.1 508 516.1 525.1 535.5 546.9 557.9 569.3 580.1 582.5 583.1 580.5 573.8 568.2 569.3 574.5 580.2 581.9 580.4 577.2 573.9 571.4 568.8 566.4 567.1 567.7 564 556.9 549.8 544.6 546.5 549.9 551.8 551.3 547.3 540.3 534.3 531.9 531.2 530.8 534.7 539.4 541.6 542.1 542.3 545 546.8 546.2 544.1 542 538.2 531.3 523.8 517.7 514.6 518.2 522.2 523.5 522.4 519.4 514.8 511 508.6 507.1 506 504.9 503.9 502.9 501.8 500.7 499.7 498.7 498.4
495.6 495.3 495.3 495.7 496.9 499.2 504 511.6 519.8 530.3 541.9 552.7 564.4 577.2 581.4 582.8 585.2 584.7 582.1 581.3 586 591.1 591.9 590.3 587.3 584.2 582.3 581.2 579.7 578.4 577.5 572.6 564.8 558.1 554.7 556.5 559.1 560.4 559.7 553.7 545 539.6 540.7 543.4 541.3 544.3 548.1 550.2 550 548.9 548.9 549.2 548.2 545.8 542.2 537.4 531.1 524.5 519 516.7 518.8 521.9 523.2 522.4 519.6 516.2 512.9 510.4 508.5 507.2 506 504.9 503.8 502.8 501.8 500.8 500 499.5
496.1 495.6 495.4 495.4 496.1 497.9 502 508.6 516.3 526.5 537.4 548.1 559.2 569.1 575.2 580.8 589 594.1 596.8 599.3 600.5 600.9 600.1 598.8 597.7 596.3 597 596.5 594.5 589.7 586 580.1 572.9 567.6 565.3 567 568.2 568.8 568.7 561.9 553.7 550.8 552.5 552.2 550.6 553.2 556.6 559.4 558.1 555.4 553.2 551.3 549.1 545.9 541.6 536.2 530.4 525.5 520.9 518.3 519.1 521.9 524.2 524.1 521.6 518.4 515 512.2 510.2 508.7 507.2 506 504.9 503.8 502.9 502.2 501.7 501.3
496.6 496.1 495.6 495.4 496 497.9 501.6 507.6 515.6 524.9 534.8 544.1 553.4 560.5 569.1 583.2 593.9 601 604.6 607.1 608.7 608.9 608.8 609.2 609.6 609.6 610 609 605.5 599 593.4 587.4 581.7 577.8 575.8 576 577.3 577.8 576.3 569.8 564 565.5 565.9 561.3 558.9 562.7 566.4 568.3 565.7 561 556.9 553 549.2 545 540.3 535 529.7 524.3 520.8 519.4 519.7 523 526.9 528.4 525.9 519.5 517.1 514.1 512.1 510.3 508.6 507.2 506 504.9 504.1 503.5 503 502.7
497 496.6 496 495.8 496.4 498.1 501.5 506.9 514.6 523.4 532.4 539.8 549.1 558.7 571.3 585.2 596.6 603.7 607.7 611.7 615.3 617.1 619 621.9 622.2 622 619.3 617.4 612.5 606.3 601.4 597.3 592.1 588.6 587 587.5 589.3 588.3 586.1 580.1 577.2 579.7 579.5 574.3 570.8 573.9 576.9 576.8 572.9 566.2 559.8 553.8 548.7 543.7 538.9 534.6 530.4 526.4 523.8 522 521 525.2 530.8 533.8 531.3 524.4 519.6 516.4 514 512.1 510.1 508.5 507.2 506 505.2 504.6 504.1 503.7
497.4 497.1 496.6 496.3 496.8 498.3 501 505.7 512.6 521.1 529.4 536.9 548.2 561.8 574.1 584.8 594 600.5 607.1 615.7 623.4 628.3 632.6 636.8 632.6 629.4 625.8 623 618.5 613.3 609.7 607.3 603 600 600.3 602.6 604.9 601.3 595.9 589.9 587.8 590.5 590.5 586.2 584 585.2 586.3 584.4 579.4 570 561.1 553.9 547.9 542.5 538.3 535.7 532.8 529.7 527.1 525.3 525.3 528.8 534.6 539.1 537.2 530.1 523.8 519.4 516.2 513.9 511.8 510 508.4 507.3 506.3 505.5 504.9 504.5
497.9 497.7 497.2 496.8 497 497.9 499.8 504 510.6 519.5 527.1 535.9 547 559.5 570 578.6 584.9 593 605.9 622.6 633.9 638.7 639.6 640.2 636.1 632.9 630.1 627.4 624.3 620.2 617.6 616.6 614.4 612.8 614 616.1 616.8 613.6 607.3 599.9 598.3 601 600.7 597.2 595.7 595.5 594.2 589.8 582.3 571.7 561.5 554 547.8 542.4 539.8 538.6 536.1 533.1 530.5 529 529.3 531.8 536.2 540.3 539.4 534.5 528.5 523.1 518.9 515.9 513.5 511.6 509.7 508.4 507.4 506.4 505.7 505.1
498.6 498.5 497.9 497.4 497.1 497.6 499.1 502.5 508.5 516.6 523.8 532.8 542.9 552.6 561.8 571.1 579.8 591.5 608.1 626.8 638.7 641.6 640.4 639.4 637.3 635.6 634 632.3 630.5 628 626.6 627 627.3 626.9 627.2 628.2 628.2 625.7 620.3 612.1 608.9 610.4 609.2 606.7 605 604 600.3 592.9 583.2 572.4 562.5 555.5 549.8 544.7 542.7 542 539.3 536 533.5 532.2 532.5 534.2 536.9 540.1 540.5 537.9 533.1 527.3 522.1 518.2 515.4 513.1 511.1 509.6 508.3 507.2 506.3 505.6
499.6 499.4 498.7 497.9 497.4 497.4 498.4 500.6 505.7 512.4 519.4 529 537.4 545.2 557.1 570.9 584.3 599.5 614 627.4 638.9 637.2 636.8 637.7 638.4 639 639.4 639 638.4 637.5 637 637.2 638 638.3 638.7 639.4 638.6 636.3 631.2 625.1 621.5 620.2 618.5 615.6 611.9 608 601.9 593.6 583.9 573.8 564.9 558.5 553.3 548.9 546.2 544.2 541.4 538.2 535.6 534.4 534.6 536.1 538.6 540.8 541.7 540.5 537.1 531.7 525.8 520.9 517.3 514.6 512.4 510.6 509.2 508 507 506.1
500.4 500.4 499.6 498.7 497.9 497.5 497.9 499.6 503.9 509.9 517.1 526.8 535.8 545.7 560.8 576.1 589.5 602.7 616.2 622.2 626 628.4 632 636.1 640.5 645.1 648.3 649.6 649.6 649.1 648.1 646.4 646 646.9 649.4 650.4 647.3 644.3 640.1 636.6 633.3 629.3 625.9 621.2 615.1 608.7 601.4 593.3 584.5 575.9 568.3 562.4 557.4 552.9 549.1 545.8 542.6 539.5 537 535.6 535.6 537.3 539.8 541.8 542.8 542.4 540.1 535.2 529.1 523.6 519 515.8 513.5 511.6 510.1 508.7 507.6 506.6
501.3 501.3 500.6 499.7 498.7 498.1 498.2 499.7 503.4 509 516.9 527 540.6 552.9 565.7 578.2 589.5 597 604.8 608.3 612.2 619.4 627.8 635.2 642.4 650.5 656.3 659.1 659.2 658.3 657.1 652.4 649.4 651.5 657.3 658.1 652.5 647.8 644.5 643.2 640.8 634.2 626.6 619.8 614.2 607.9 600.5 593 584.9 577.3 570.7 565.5 560.7 555.8 551 547 543.6 540.3 537.7 536.3 536.3 538 541.1 543 543.8 543.3 541.2 536.9 531.3 525.5 520.4 516.9 514.4 512.5 510.9 509.6 508.4 507.3
502.4 502.2 501.7 500.8 499.9 499.4 499.2 501.7 503.8 508 514.5 525.9 542.8 554.4 563.7 571.7 576.7 580.3 585.7 595.1 605.9 615.6 625.6 635.6 644.9 650 655.1 657.4 657.2 656.5 655.8 650.7 646.9 647.6 651.9 652.4 649.6 646.9 644.6 642.2 639.1 633.4 625.2 618.1 612.1 606.2 599.8 592.6 584.6 576.9 570.8 566.3 561.8 556.7 551.7 547.5 543.7 540.4 537.9 536.8 537.4 539.6 542.3 544.1 544.5 543.6 541.3 537.4 532.4 526.8 521.6 518 515.4 513.5 511.9 510.6 509.5 508.4
503.6 503.4 502.9 502.3 501.7 501.4 500.4 502.6 503.9 506.4 511.4 521.8 536.1 546.4 553.7 557.7 560.3 569.9 581.7 593.6 605 615.2 624 632.3 638.6 641.5 643.8 644.4 644.3 644.1 643.8 641.9 639.8 637.6 636.1 637.3 640.9 642.2 641.2 638.5 634.8 630.1 624.2 615.8 608.5 603.3 598.3 591.1 583 574.2 568 564.4 560.4 555.9 551.4 547.3 543.6 540.1 537.9 537.5 538.8 541.4 543.7 545 545.1 543.8 541.1 537.5 532.9 527.7 522.5 519 516.4 514.4 513 511.9 511.1 510.2
505.2 504.9 504.4 503.8 503.2 502.6 501.5 502.3 503.4 505.3 509.2 516.6 526.3 534.9 542.7 549.7 556.9 573.3 584.3 594.4 604 611.7 618.5 623.7 627 628.7 629.4 629.5 629.7 629.9 630.2 630.6 630.5 628.5 625 625.7 630.4 634.4 634.6 632.8 629.2 624.2 618.9 610.4 603.3 597.9 592.5 586.6 579.3 568.9 563.2 560.9 557.7 554.2 550.3 546.5 542.9 539 538.3 538.9 540.8 543 544.8 545.8 545.7 544 541 537.3 533 528 523 519.5 517.2 515.3 514.2 513.6 513.2 512.6
507.2 506.7 505.9 505 504.1 503.1 502.3 502.2 503 504.7 507.8 512.6 519.6 527.8 537.1 548.6 559.2 573.8 581.6 589.3 597.5 601.9 606.2 610.6 613.1 614.7 615.9 616.8 617.6 618.2 618.8 619.5 620 618.1 614.6 615.4 619.7 624.9 627.7 627.2 623 617.3 610 602.8 597.7 591.4 584.5 579.3 573.2 564.2 560 558 555.2 552.3 549 545.5 542.1 540 540.3 540.9 542.4 544.1 545.4 546.2 545.9 544.2 540.9 537 532.4 527.8 523.3 519.5 517.7 516 515.2 515.2 515.6 515.5
509.7 508.6 507.3 505.9 504.7 503.5 502.6 502.3 502.9 504.4 507 510.7 517.1 523.9 534.1 548 560.4 565.1 569.8 573.8 578.7 583.6 588.4 593.4 597.5 600.6 603.2 604.8 606 606.7 606.8 607 606.4 604.5 603.8 605.9 609.8 615.3 619.9 621.3 616.4 610.3 602.4 597.5 593 586.9 579.9 573.6 567.4 561.5 558.1 555.8 553.3 550.7 547.8 544.8 542.1 541.3 543.5 544.1 543.9 544.5 545.3 545.8 545.5 543.9 540.7 535.9 531 526.7 522.9 519.5 517.9 516.6 516.2 516.8 518 518.8
512.5 510.5 508.5 506.7 505.1 503.8 502.8 502.5 503 504.4 506.8 510.2 515.9 520 526.7 536.3 543 547.6 551.4 554.7 558.6 563.5 569.4 574.8 579.3 583.6 588.2 591.4 593.8 594.6 594.3 593.7 592.3 591.7 593.2 597 600.6 605.5 610.3 612.4 610.4 605.9 601.2 595.3 590.3 584.8 578.2 570.9 564.2 559.4 556.4 554.1 552 549.7 547.2 544.8 543.2 543 544.1 544.5 544.2 544 544.1 544.4 543.6 541.6 538.6 533.3 528.5 524.7 521.7 519.3 518 517.1 517.2 518.3 520.5 522
