Demo/Ecrins/ecrins.asc
ncols 250
nrows 250
xllcorner 900000
yllcorner 1900025
cellsize 25
nodata_value -99999
[rows 210 to 244 of 250, columns 156 to 233 of 250]
862.9 871.9 883.9 893.3 897.6 893.9 882.9 869 854.6 840.2 825 809.2 796.6 789.5 783.1 777.3 772 772.1 779.8 791.1 804.8 817.7 826.1 831.2 835.1 838.1 842.5 846.9 848 843.7 838.8 836.9 842.5 852.8 865.9 879.1 889.2 899.2 910.4 920.1 926.8 934.6 942.1 946.7 947.2 943.6 939.2 936.4 933.6 931 929 926.8 924.7 922.4 917.4 909.5 901.6 894.5 887.9 880.2 876.9 872 865.7 858.2 850.9 845.6 843.4 840.6 834 826.3 819.5 813.7 809.5 808.9 810.2 812.4 813.8 813.4
870.8 881.4 893.6 903.4 906.9 901.7 889.8 876.5 863 848.9 833.1 816 801.6 792.4 785.6 780.3 776.5 774.9 782.6 796.7 811.7 825.8 837.8 845 850 853.6 857.9 861.2 861.1 857.5 853.9 851.1 851.6 857.2 870.5 884.4 895.2 906.6 918.2 928.3 936.1 942.7 948.1 950.5 948.9 943.8 938 931.9 925.5 921.9 920.1 918 916.3 914.6 911.1 905.3 899 893.4 888.7 884.1 878.4 871.6 863.3 854.6 846 840 837.7 836.2 831.1 823.2 815.5 809.3 804.6 803.1 804.9 807.4 808.9 808.4
876.9 889.2 901 911.9 916.4 910.1 897.6 884.2 871.1 857.4 842.4 825.6 810.4 797.9 789.2 783.6 780.6 778.8 787.8 803.1 818.4 833 847 857.3 864.5 869.3 873.1 875.4 874.8 872.1 868.5 864.8 862 860.6 870.7 884.4 897.6 910 921.6 932.3 941 948 953.5 955.2 952.4 946.8 940.1 930.5 921.6 915.8 913.1 910.6 908.4 906.2 903.3 899.3 895 891.4 888.6 885.6 880 871.3 861.1 850.7 842.4 837.5 834.5 831.9 827 819.3 811.4 805.5 801.6 798.7 801 803.4 804.7 804.5
880.9 894.5 906.8 917.2 921.4 916.4 905.5 892.3 879.2 865.8 851.1 835.3 819.1 804.6 794 787.4 784.1 784.7 795.6 810.4 825.6 840.3 855.1 868 877.8 883.6 887.7 889.9 889.1 886.4 882.2 877.6 872.7 867 871.1 884.5 898.5 911.6 923.2 932.9 941.9 950.2 957.4 959 954.7 947.9 940.1 929.4 920.5 913.1 908.4 904.6 901.2 898.2 895.5 892.8 890.1 887.7 886 884 879.6 869.6 858.8 849.3 842.8 838.7 834.7 829.9 823.5 815.1 806.6 800.7 797.1 796 799.2 799.9 799.9 798.9
883.2 897.6 910.5 919.8 923.4 920.7 912.3 900.3 887.3 874 859.6 844.2 827.8 812.2 799.8 791.7 786 791.4 802.4 817.2 832.9 847.6 862.4 876.2 887.7 895.6 901.1 903.6 902.4 898.9 894.2 889.1 883.8 877.7 875.3 887.4 899.8 912.5 924 932.6 941.9 950.7 957 957.5 953.2 946.1 936.9 926.1 917.9 911.4 905.6 900.2 895.2 891.1 888.3 886.5 884.3 882.1 880.2 877.2 872.9 864.6 855.8 848.8 844.4 840.9 835.6 828.5 820.6 811.7 802.5 796.4 793.3 792.7 794.1 794.7 793.6 792
883.3 898.4 911.8 921 925 924.3 917.8 907.2 894.8 881.5 867.2 852 836.1 820.6 806.3 796.1 788.5 795.2 808.1 823.3 839 853.5 868 881.9 894.1 904.5 912.6 915.5 913.7 910 905.2 899.7 893.8 887.8 883.9 892.1 902.2 913.8 924.6 933.9 943.1 950.5 953.6 951.7 947.3 942 933 924 917 910.4 903.7 897 890.6 885 882 880.6 878.3 875 870.8 867.7 863.3 857.1 851.1 846.6 844 841.7 834.5 825.5 817.1 809 799.6 793 789.5 788.5 788.5 788.2 787 785.1
881.3 897 910.6 920.4 925.6 926.3 921.6 912.7 901 887.8 873.9 858.8 843.3 828.2 814 801.5 791 798 811.6 827.6 842.8 857.4 871.6 885.3 897.7 909 918.6 923 922.4 920 915.6 909.9 903.6 897.8 894.7 897.4 904.2 914.4 925.1 935.4 944.5 950.3 950.7 944.8 938.4 934.2 928 923 917.5 909.4 901.7 894.8 888.1 881.3 877.8 875.4 872.9 869 864.2 859.4 853.9 848.7 844.8 841.9 840.1 836.6 828.9 819.8 811.7 804.5 796.3 789.7 785.3 783 782 781.3 780.3 778.7
878.8 894.8 908.4 918.9 925.3 927.2 924.3 917.2 906.6 893.9 880 865.3 850.2 835.4 820.8 806.4 793.1 798.7 811.8 828.7 844.9 859.7 873.6 886.7 898.5 909.2 918.6 925.7 929.2 929.2 925.5 919.9 913.6 907.8 904 903.5 906.8 915.2 925.3 935.6 944.4 949.8 949.9 940.2 930.9 924.4 921.3 918.5 913.8 906.3 898.9 892.6 887.2 881.4 876.8 872.5 868.6 864.3 859.3 853.2 846.4 840.9 837.6 835.7 833.7 828.6 820.9 812.3 805.2 798.8 792.8 786.4 780.9 776.9 774.9 774.5 774.3 773.2
877.3 893.2 906.9 918.4 924.8 927.8 926.6 921.2 911.7 899.4 885.7 871.7 857 842.3 827.8 813.1 796.1 794.2 810.3 829.2 846 861.2 874.9 887 897.8 907.3 916.4 926.4 935.5 937.7 934.9 929.5 923.6 917.6 912.7 909.9 910.6 916.7 925.2 934.3 942.3 947.5 947.9 939.5 928.3 919.1 915.5 912.2 907.4 901.4 895 889.7 886 882.7 876.8 870.5 865.1 860.3 855.6 849.9 842.4 836.7 833.5 830.7 827.3 821.7 814 805.3 799.9 796.1 790.7 783.7 776.5 770.6 767.7 767.8 769.1 768.9
876.1 892.1 906.4 918.7 924.6 928.3 928.4 924.5 916.2 904.8 891.5 877.6 863.4 848.8 834.2 819.3 805.2 796.3 812.1 829.5 846.2 861.9 875.4 886.8 896.6 905.5 914.8 926.6 939.5 944.5 943.2 938.7 933.3 927.2 921.4 917.1 915.6 918.8 925.2 932.4 938.6 944.1 945 939.4 928.7 918.4 912.4 907.6 902.3 896.3 890 885.5 883.1 881.1 874.9 867.9 861.8 856.8 852.5 848.5 844.2 838.4 832.6 827.5 822.4 816.7 810.4 804.6 801.5 796.8 790.4 782 773 765.2 760.9 761.5 764.2 765
875.2 891.5 906 919.2 925 929.2 930.1 927.3 920.4 909.8 896.6 883.1 869.4 855.1 840.7 826.3 812.1 800.2 814.1 829.4 846 861.7 875.2 886.3 895.7 904.7 914.6 927 940.7 949 950.2 946.7 941.9 936.1 930.2 924.8 921.9 922.7 926.3 931 935.8 940.2 942 938.7 929.3 919.2 911.3 904.7 898.6 891.9 884.4 880.3 878.3 876 870.9 864.4 858.1 853 849.3 846.7 844.3 838.9 831.9 825.3 819.2 813.7 809.5 807.5 805.9 799.2 791 781.4 771.5 762.7 756.6 756.4 758.5 759
877 892.3 906.3 919.8 926.7 931.2 932.2 929.8 923.8 913.9 901.3 888.4 875.3 861.6 847.7 833.6 819.1 806.6 815.1 829.6 846 861.3 874.8 885.9 895.3 904.4 914.8 927.7 942.7 953.5 956.3 953.7 948.7 943.5 938.3 932.7 928.7 927.1 927.7 929.8 932.8 935.8 937 933.9 927.1 918.8 910.1 902.6 895.8 888.8 880.3 875.9 873.6 870.7 866.2 860.2 854 848.8 845.3 843.1 840.6 836.2 830.1 823.5 817.4 812.1 808.7 807.3 805.8 800.5 791.6 781.9 772.5 764.3 757.5 753 750.8 749.5
882.5 896.1 909.3 921.9 930.2 934.6 934.8 931.6 925.4 915.7 903.7 891.9 880.4 867.8 854.3 840.6 826.2 814.6 814.4 831.3 846.3 861 874.9 886 895.3 904.4 915.1 929 945 957.1 960 957.8 952.9 948 943.4 938.8 934.1 930.4 928.5 928.2 928.8 929.6 929 925.5 920.8 914.9 907.4 899.9 893 886.2 878.9 873.5 869.9 866.3 861.7 856 849.6 844 840.3 838.1 835.6 832 827.2 821.7 816.2 811.2 807.1 804.5 802.7 798.4 791.2 782.8 774.3 766.6 760 752 742.8 739.7
889.7 902 914.7 926.8 935.7 939.6 938.4 932.7 923.9 914 904.4 894.8 885 873.4 860.5 846.7 833.2 820.5 816.4 831.6 846 860.7 874.9 886 894.9 904.2 915.5 930.5 946 957.1 959.7 957.5 953.4 949.2 945.1 941.2 935.9 930.9 927.6 925.1 923.7 922.5 920.3 916.7 912.8 908.2 902.3 895.9 889.6 883.5 877.1 871.3 866.7 862.6 857.9 852.2 845.4 839.1 835.1 832.8 830.3 827.4 823.7 819.4 814.9 810.3 805.4 800.9 798.4 795.3 790.6 783.6 775.6 768.3 762.3 754.4 748.1 743.1
896 908 920.4 932.9 942.5 946.3 943.1 934.2 922.1 912.4 905.2 897.3 888.3 878.3 866.7 853.6 839.7 825.1 819.3 832 845.3 859.5 873.5 884.4 893.9 904.1 916.3 931.5 945.1 953.7 955.6 953.4 950.5 947.2 943.5 938.6 933 927.9 924.4 920.1 917.2 914.7 911.8 908.2 904.4 900.3 895.5 890.3 885.1 879.8 873.9 868.4 863.6 859.3 854.8 849.1 841.7 834.9 831 828.1 825.4 822.6 819.4 816.1 812.6 809.2 805.7 801.7 798.5 795.6 790.6 783.7 775.8 768.2 761.7 756.3 751.7 746.2
900.6 913.2 925.7 938.4 949.3 953.9 949.1 938.2 926 915.9 907.9 900.2 892 883.1 872.5 859.8 845.4 829.5 822 832.8 844.8 857.5 869.7 880.9 892.2 904.1 917.6 932.2 943.6 950.1 951.3 948.7 945.4 942.4 938.9 933 926.8 921.6 917 913.2 909.7 906.6 903.5 899.8 895.8 891.6 887.5 883.3 878.9 874 869.4 864.6 859.9 855.6 851.4 846.4 839.6 832.8 827.7 823.9 820.7 817.7 814.6 811.8 809.3 807 805 803.1 800.7 796.7 790 782.6 775.1 767.7 761 758.5 755.1 749.4
902.7 916.7 929.2 941.7 953.7 960.3 955.7 945.3 933.4 922.2 912.6 904.1 895.8 887.3 877.5 865.5 852.5 835.2 824.7 833.3 844.6 855.8 866.3 877.4 890.6 904.4 918.5 932.1 941.8 947.2 947.9 944 940 936.3 931.1 925.1 919.7 915.2 910.4 905.9 901.9 898.6 895.6 892 887.6 883 879.1 875.7 872.1 868.2 864.1 859.8 855.4 851 847 842.8 836.8 829.9 824.3 820 816.5 813.1 809.4 806.2 804.8 803.3 800.6 798.8 798.1 794.4 787.4 780.3 773.8 768.5 765 762 758.9 753.4
902.1 916.8 930.4 943.1 955.1 962.7 960.7 952.4 941.1 929.2 918.4 908.8 899.5 890 880.1 868.4 856.2 842 829.3 833.2 844.9 854.8 864.8 876.2 890.2 905 919.1 931.3 940 944.8 945.7 941.6 937.3 932.7 924.7 918.6 914.7 910.2 904.7 899 894 890.6 888.1 884.4 879.6 875 871.2 868.1 865.2 862 858.4 854.4 849.9 845.1 840.8 836 830.3 825.1 820.2 816 812.4 808.8 804.5 799.5 798.4 797.6 794.4 792.1 790.6 787.5 782.4 776.7 771.7 768.1 765.9 764.3 762 756.6
900.4 915.4 930.1 943.7 955.3 962.8 963.7 958.1 948.4 936.8 924.9 914.2 903.4 891.2 878.3 869.8 860.3 849.1 834.7 835 844.6 853.8 864.2 876.5 890.6 905.4 919.3 930.5 938.5 942.8 943.7 942.5 940.1 933.6 924.2 918 912.7 906.7 900.1 893.3 886.8 882.5 880.4 876.7 871.9 867.4 863.6 860.5 858 855.3 852 847.9 843.2 837.8 832.9 828 823.3 819.2 815.2 811.5 808 804.1 799.9 794.2 791.7 790.2 787.5 784.9 782.6 779.8 776.1 772 768.5 766 764.4 763 760.8 757.1
899.3 914.4 929.7 943.9 955.5 962.9 965.4 962.4 954.6 943.9 931.7 920.1 907.6 894.4 882.5 873.7 864.8 854.4 841.9 834.1 839.7 852.2 864 876.9 890.8 905 918.1 929.1 937.3 941.5 942.4 942.3 941.9 935.6 928.7 920.1 912.6 904.6 897.1 889.7 882.4 875.7 871.8 868.7 864.7 860.2 856.2 852.9 850.6 848.3 844.9 840.3 834.8 828.7 823.6 819.2 815.5 812.3 809.3 806.1 802.6 798.5 793.6 788.3 784.5 782 779.5 777.1 774.7 772.1 769.4 766.6 764.2 762.2 760.8 759.2 756.8 754.3
900.1 914.2 929.9 944.4 955.9 963.2 966.4 965.3 959.5 949.6 937.6 925.5 912.4 900 889.1 879.6 870.1 859.6 848.1 836.1 838.9 851.1 864.1 877.3 890.7 903.8 916.1 926.8 935.2 940.5 942.2 940.8 938.1 932.6 926.7 921.6 912.3 903.5 895.5 887.6 880.1 873 866.6 862.1 857.9 853.3 848.5 844.9 842.8 840.9 836.3 830.9 824.8 819 814.3 810.6 807.6 805.1 802.9 799.5 795.4 790.8 785.7 780.8 777 774.1 771.7 769.6 767.5 765.3 763.1 760.8 759 757.3 755.7 754.3 752.3 750.1
904.2 916.8 932 946 957 964.2 967.6 967.4 963.2 952.8 940.4 928.4 916.6 906.1 896 886.2 875.9 864.7 853.1 842.2 838.6 851.2 864.5 877.6 890.2 902.3 913.7 924.2 933.3 940.9 944.9 943.1 938.4 929.9 920.7 916.4 910.6 903.3 895.6 888.2 880.8 873 864.9 857.8 851.6 847.2 839.9 837.1 835 832.3 826.1 820.2 814.4 808.9 805.1 802.6 800.1 797.6 795.3 791.5 787 782 777.2 772.8 769.4 766.9 764.7 763 761.6 760 758 755.8 753.8 752.5 751 749.4 747.6 745.4
911.9 923.3 937.2 950 960.4 966.9 969.2 967.9 963.6 952.6 940.2 928.7 919.4 912.2 902.8 892.5 881.7 870.1 858.6 848.9 842.9 852.5 864.7 877.6 889.6 900.8 911.4 922 933 943.4 951.4 953.1 945.6 932.4 918.8 914.7 910.5 904.2 896.6 889.5 882.3 873.9 865.6 857.9 850.7 844.8 836.1 831.1 827.4 823.7 818.1 810.9 804.6 800.3 797.6 795.7 793.7 791.2 788 783.4 778.2 773.2 768.8 765.1 762.4 760.7 759.2 757.7 756.7 755.7 753.9 752 750 748.1 746.3 744.7 742.8 740.7
921.4 932.6 945.4 958.1 967.1 971.5 971.5 966.9 958.6 949.5 939.7 931.1 924.4 917.4 908.6 898 886.9 875.4 864.3 854.2 844.8 852.4 864.4 877.3 889 899.8 910.1 920.8 932.5 945 957.2 962.4 955.7 944 929 919.5 913.8 906.7 898.2 889 881.6 874.8 867.6 860.4 853.5 846.3 837.6 829.5 823.2 818.2 813.6 806.6 799 795.5 793.4 791.2 788.9 785.9 782 776.7 770.7 765.5 762.2 759.5 757.3 755.8 754.6 753.5 752.7 751.8 750.5 748.8 746.7 744 741.3 739.7 738.1 736.3
932.5 943.7 955.2 967.1 975 977.5 975.4 967.9 955.6 947.7 939.9 932.3 926.3 921.1 913 901.6 889.7 879.6 870 860 850.8 850.9 864.2 877 888.6 899.4 909.9 920.6 932 945 959.2 967.5 963.8 958.3 943.7 928.7 918.2 911.1 901.2 890.8 882.1 876.4 870.4 863.6 856 847.8 838.9 831.8 824.4 817.8 813.5 811.9 804.5 796.6 791.7 788.4 785.3 781.9 777.6 772.1 765.5 760.1 758 755.8 753.6 751.7 750.4 749.6 749.1 748.5 747.5 745.8 743.5 740.2 736.5 734.7 733.4 732
944.5 955.1 965.5 975.7 982.8 984.5 980.8 972.1 959.8 950.3 941.6 932.9 925.4 921 914 903.5 893.7 885.3 876.9 867.5 857.9 853 865.2 877 888.8 899.7 910.4 921.4 933 946.4 960.7 969.6 964 955.5 949 939 925.9 915.9 905.7 894.7 885.4 879.5 874.2 867.7 859.4 850.1 841.1 833.6 826 819.8 815.4 811.6 805.4 797.6 791.2 786.8 783 779.1 774.7 770 765.1 760.5 756.7 753.6 750.8 748.3 746.6 745.8 745.8 745.6 744.5 742.4 739.7 736.5 733.2 730.8 729.1 727.8
956.3 966.1 975.5 984.6 991.8 992.7 987.5 977.5 966 956 945.8 934.7 923.6 914.7 909.5 904.5 898.2 891.5 884.3 875.4 864.4 857.4 869 879.9 890 900.4 911.6 923.9 936.6 949.8 960.4 963.1 958.7 952.7 947.1 939.9 931 921.3 909.7 898.6 889.6 883.6 878.8 872.5 863.6 853.6 844.1 835.1 827.3 821 815.6 810 803.2 796.6 790.8 785.7 781.5 777.3 773.3 769.2 765.3 761.2 756.7 752.8 749.1 745.8 743.2 742.1 742.6 742.8 741.3 738.5 735.7 732.9 730.2 727.9 725.7 723.9
967.3 976.4 985.1 993.5 1001.8 1001.8 994.7 984.6 973.8 963.2 952 939.5 927.1 917 911.3 907.4 902.9 897.2 890.7 882.7 870.4 861.8 872.5 882.4 891.3 901.2 913.1 927.4 940.6 951.4 957.9 956.3 952.3 947 941 933.7 926 919.4 910.2 900 892.1 887 883.2 876.9 867.2 856 845.2 836 827.9 821 814.7 808.4 801.5 795.4 789.7 784.6 780.1 776.2 772.5 768.8 765 761.2 757.1 752.8 748.6 744.4 740.8 738.8 739.3 739.1 737.1 734 731.4 729.3 727.6 725.9 723.7 720.5
976.4 985.9 994.5 1003.8 1011.2 1009.7 1001.2 991.3 980.8 970.1 958.9 946.7 934.5 924 917.4 912.9 908.2 902.2 895.2 887.2 875.5 865.6 874.4 883.4 892.4 902.5 914.9 930.9 942.8 949.9 952.2 949.9 945.3 939.6 933.4 924.4 916.5 911.7 905.3 897.7 891.5 887.5 884.7 879.5 868.7 856.9 845.7 836.3 828 820 812.9 806.9 800.7 793.9 787.8 782.7 778.4 774.9 771.8 768.7 765.3 761.4 757.4 753.2 748.8 744.5 740.5 737.1 735.8 734.1 731.6 729.1 727.2 725.9 725 724.1 722.9 719.9
982.9 994.2 1004.2 1015.4 1019.2 1016 1007 997 987.1 976.2 965.6 955.4 944.5 934.3 927 920.5 914.2 907.1 898.5 888.2 876.5 869.4 875.6 884 893.7 904.4 916.9 932.3 942.4 946.2 945.7 942.5 937.4 931.3 926.1 918.7 910.4 903.7 897.6 891.9 887.2 884 881.4 876.2 866.6 856 845.7 836.4 827.6 818.4 809.8 803.7 797.5 790.8 785 779.9 776.1 773 770.7 768.5 765.8 761.6 757.4 753.2 748.9 745.2 741.4 736.5 732.4 729 726.3 724.4 723.4 723.1 722.4 721.6 720 718.1
986.1 999.4 1011.2 1021.8 1024 1020.1 1011.5 1002.1 992.5 982.4 973 964.4 955 945 937.3 930 920.9 912.6 903.3 893.5 884.6 877 876.6 884.5 895.1 906.7 918.8 931.6 939.7 941 938.1 933.5 928 922.7 918 912 904.3 896.4 889.3 884.2 880.4 877 873.3 868.3 860.8 852.5 844.5 836.1 826.8 817 806.9 799 793 786.8 781 776.3 772.7 770.3 768.7 767.4 765.4 761.5 756.9 752.2 748 744.7 741 735.1 729.3 725 722.4 720.9 720.6 720.9 720 718.4 717.5 716.3
986.4 1000.5 1012 1021 1023.6 1018.7 1011.5 1004.4 995.9 986.7 978.4 971 963.7 955.4 947.4 938.5 928.9 919.6 910.2 901.1 892.9 884.1 878.2 884.3 896.2 908.6 919.7 929.4 935.5 935.3 930.3 924.3 918.5 913.8 909.2 904 898 890.5 881.4 876.3 872.4 868.4 863.9 858.9 852.6 846.1 840.2 833.1 824.4 815.6 806.4 797.4 789.4 782.3 776.4 771.9 768.6 766.5 765.5 764.9 763.7 760.3 755 749.8 745.6 742.5 739 732.7 726.7 722.8 721 720.1 719.7 719.2 718.5 717.5 716.6 715.3
986.1 999.6 1009.6 1015.4 1015.6 1011 1005.5 1000.9 995.1 987.9 981.1 975 969.1 962.7 955.3 946.1 936.5 927.3 918.2 908.9 899.4 889.9 881.4 884.7 895.8 908.1 919.7 926.1 930.2 930.2 925.8 918.7 912.7 907.2 901.5 895.7 890.9 886.8 877.6 870.4 865.2 860.2 855.1 849.7 843.7 837.6 832.2 826.3 819.6 812.8 805.9 796.1 786.4 778.1 771.7 767.3 764 761.9 761.4 760.7 758.7 755.3 750.7 746.1 742.1 739.7 735.9 730.4 725.7 723.6 722.8 722.4 721.1 719.9 719 718.2 717 715.4
986 999.6 1005.4 1006.8 1003.9 1000.1 996.3 993.4 990 985.8 981 976.3 971.6 966.7 960.8 952 943.1 934.6 925.7 915.8 905.1 894.9 886.1 885.3 893.5 906.1 920.1 922.3 924.5 925.1 922.8 916.2 909.2 902.7 895.6 887.7 881.8 878.2 872.3 865.5 859.4 853.3 847.3 841.5 835.3 829.1 823.2 817.6 812.2 807.1 801.6 792.7 783.2 774.9 768.2 763.5 759.3 756.7 757.5 754 750 747.3 744.6 742 738.4 735.8 732.5 729.6 728.5 727.8 726.7 725.5 724 722.2 720.6 720.2 718.5 716.6
985.6 996.7 1000 997.5 993.6 990 987.5 985.7 984 981.7 978.7 975 971.1 966.9 961.7 955 947.8 940.3 931 921 910.4 900 891.3 887.9 891 902.9 917.1 919 918.8 917.8 916.4 911.7 905.8 899.5 892.1 881.5 874.5 870.7 866.3 860.7 854.8 848.2 840.8 834.1 827.9 821.2 813.7 807.7 802.8 798.4 793.6 787.1 779.7 773.5 770.2 769.1 765 758 754.1 754.4 753.7 751.1 747 742.7 741.3 739.7 737.4 735.7 735.6 734.1 731.8 729.5 727.5 725.8 724.8 723.2 721 718.9
