Demo/Ecrins/ecrins.asc
ncols 250
nrows 250
xllcorner 900000
yllcorner 1900025
cellsize 25
nodata_value -99999
[rows 140 to 174 of 250, columns 78 to 155 of 250]
562 559.6 557.8 556.3 555.1 553.9 552.8 551.7 550.5 549.5 548.5 547.7 547.3 547 547.1 547.3 547.8 548.5 549.5 551 552.8 555.1 558 561.5 566.1 571.6 577.6 583.8 591.7 601.6 613.3 624.9 635.7 645.6 655.5 667.7 680.8 686.1 689.6 691 694.5 699.6 704.6 712 721.8 732.8 744.7 757.8 770.8 783.7 796.5 809 821.2 832 840 845 848.6 851.8 855.6 860.1 865.1 869.9 874 877.5 880.8 883.7 884.7 882 874 861.6 847.5 832.2 816.5 802 792.1 783.2 774.6 766.6
562 559.6 558 556.5 555.3 554.2 553.1 552 551 549.9 549 548.2 547.7 547.5 547.6 547.9 548.4 549 549.9 551.1 552.7 554.7 557.2 560.7 565.7 571.7 578.3 585.3 593.3 604.5 617.1 629.5 641.7 651.9 662.5 677.6 687.8 693.7 698.3 702.7 707.8 713.4 719.3 727.2 735.2 743.8 753.7 766.3 778.8 791.2 804 816.7 828.5 838.1 843.8 845.7 846.6 848.5 852.4 857.9 864.2 870.4 875.7 879.7 882.9 885.3 885.5 882 874.4 863.7 851.4 839 825.1 812.3 802.2 792.2 782.1 773.3
562.1 559.6 558.2 556.8 555.6 554.6 553.5 552.4 551.4 550.3 549.4 548.7 548.2 548 548.1 548.4 548.9 549.5 550.3 551.2 552.5 554.2 556.7 560.4 565.7 572.1 579.1 587.1 596.3 608.8 621.4 633.7 647 658.6 669.7 681.5 691.7 700.8 709.3 715.7 721.8 728.8 735.6 742.6 748.7 756 764 775.3 787.2 799.1 811.4 823.7 834.9 842.7 845.2 843.9 842.7 844.9 850.1 857.1 864.6 872.1 878.1 881.5 884.4 886 885.4 881.7 874.3 864.7 854.9 845.5 833.5 820.1 808.6 797.7 785.8 775.7
562.2 559.9 558.4 557 555.9 554.9 553.8 552.8 551.8 550.8 549.8 549.1 548.6 548.4 548.5 549 549.5 550 550.6 551.4 552.5 554 556.6 560.5 566 572.8 580.4 588.9 599.2 612.3 624.4 636.5 651.6 664 672.5 682.1 695.2 708.9 719.8 726.2 732.9 742.5 752.1 757.8 761.6 767.9 775.6 785.4 796.2 807.4 819.1 830.1 839.7 844.2 843 839.4 838.1 842.7 849.9 858.3 866.7 874.5 880.7 883.2 884.7 885.1 883.5 879.3 871.8 862.9 854.7 847 837.2 822.8 809 796.8 785.1 774.5
562.8 560.7 558.9 557.3 556.1 555.1 554.1 553.2 552.2 551.2 550.3 549.5 549.1 548.9 549.1 549.5 549.9 550.4 551 551.5 552.5 554 556.7 560.8 566.5 573.7 581.6 590.3 601.2 613.8 625.6 637.3 652.5 664 672.5 682.9 698.1 713.3 725.2 733.2 741.4 749.3 759.3 766.3 771 777.6 785.7 794.4 803.4 813.3 824.2 834.7 840.5 840.2 835.2 834.2 837.2 843.8 852.4 861.7 870.7 878.3 882.7 883.8 883.3 881.8 878.4 872.9 865.6 857.5 850 843.2 833.9 820.9 806.5 794 782.8 770.9
563.5 561.2 559.1 557.6 556.3 555.2 554.4 553.5 552.5 551.6 550.7 550 549.5 549.4 549.6 549.9 550.4 550.9 551.3 551.8 552.6 554.2 556.9 561 566.9 574 582.2 591.5 602.6 615.1 627.2 638.6 652.7 662.8 671.7 683.5 699.7 715.2 727.4 737 745.2 751.8 759.6 767.6 775.4 783.7 792.7 800.4 807.1 815.4 824.5 832.9 835.6 833 830.3 832.1 839.5 847.3 857.1 867 876 882.6 884.2 882.9 879.5 875.1 869.7 863.4 856.5 849.3 842.2 836.3 828.4 818.2 806.1 793.6 781.3 769
564.1 561.4 559.2 557.7 556.4 555.4 554.6 553.8 552.9 552 551.1 550.4 550 549.8 550 550.4 550.9 551.3 551.7 552.1 552.9 554.4 557 561.3 567.2 574.3 582.8 592.4 603.4 615.9 629.9 642.8 653.3 661.4 670.8 683.9 700.7 716 727.8 736.8 743.3 749.2 755.7 764.8 775 785.1 794.5 801.8 807.5 813.4 819.1 823.6 826 826.2 826.8 830.9 839 851.5 863.7 874.1 882 886.4 884.7 880.4 873.6 865.5 858.2 851.6 845 838.5 832.6 827.3 821.3 814 804.5 792.4 780 768.6
564.7 561.4 559.1 557.7 556.5 555.7 554.9 554.1 553.3 552.4 551.5 550.8 550.4 550.3 550.4 550.8 551.2 551.7 552.1 552.6 553.4 554.8 557.3 561.5 567.7 575.5 584.3 594.3 604.7 617 632.6 644.4 652.6 660 670.1 684.4 701 715.3 726.1 733.1 737.4 742.8 749.7 759.7 771.2 781.9 790.9 797.8 803.2 807.9 810.5 811.7 815.4 820.6 825.2 833.2 843.4 857.2 870.3 880.9 888.6 890 885 876.9 866.2 854.6 846.2 838.8 831.9 826 821.6 817.5 812.9 807 798.8 788.4 777.2 766.4
565.1 561.6 559.2 557.9 556.9 556 555.2 554.4 553.6 552.8 552 551.3 550.9 550.8 550.9 551.2 551.6 552 552.5 553.2 553.9 555.3 557.7 561.7 568 576.2 585.4 595 605.4 617.9 634.7 645.1 651.9 659 669.3 683.7 699.4 712.7 722.3 727.8 731 735.6 742.5 753 765.1 775.6 784.2 790.4 795.4 799.8 801 800.3 806.4 817.3 828.4 840.9 851.2 863.4 876.3 887 892.9 890.8 882.7 871.7 859 845.4 835.8 826.6 818.3 813 810.1 807.3 803.6 798.8 791.9 782.7 772.8 763.1
566 562.7 560.2 558.7 557.5 556.5 555.6 554.7 553.9 553.1 552.4 551.8 551.4 551.2 551.3 551.6 552 552.4 553 553.7 554.7 556.1 558.2 561.9 568.1 576.3 586.4 596.8 606.8 618.8 635.9 644.8 650.8 657.7 667.7 679.9 693.3 705.6 715.1 720.6 723.8 728.2 735.1 745 756.9 767.3 775.8 781.5 784.9 788.3 790.3 794.5 805.4 821 837.6 847.6 856.6 866.3 876.1 884.2 888.8 883.5 873.7 864.1 853.2 840.5 828.9 817.5 806.7 801.1 799.1 796.8 793.5 789.7 784.1 776.1 766.9 758.2
568.1 564.9 562.4 559.7 558.2 556.9 555.9 555 554.3 553.5 552.8 552.2 551.8 551.7 551.8 552 552.4 552.8 553.4 554.2 555.4 557 559.1 562.4 568.1 576.5 587.6 599.3 608.7 619.5 634.1 642.4 648.9 655.7 663.6 672.3 683.2 694.7 704.1 710.5 715.1 720.4 727.9 737.5 748.5 758.5 766.5 771.5 773.4 773.6 777.5 793.3 803.9 818 838.2 848.7 858 865.4 870.3 872 871.8 867.8 861 854.2 847 836.4 824.6 813.1 801.9 793.7 789.7 786.4 783.6 780.8 776.8 770.3 761.2 753.7
570.6 566.7 563.9 560.6 558.7 557.3 556.3 555.4 554.6 553.9 553.2 552.7 552.3 552.2 552.3 552.4 552.7 553.2 553.8 554.6 555.9 557.7 559.9 563.1 568.4 576.7 588.6 600.1 609.9 619.6 630.4 638.8 646 652.3 658.5 665.3 673.7 683.6 692.2 699.3 705.5 711.9 720.1 730.7 740.7 748.9 755.2 759.9 761.5 761.5 767 782.1 795.5 807.1 822.9 843.2 856.4 860.1 857.8 855.7 854 851.5 847 842 837.2 829.4 820 811 801.6 790.8 782.7 777 773.9 772 770.1 766.4 758.5 750.2
572.3 567.1 563.7 561.1 559.2 557.8 556.8 555.8 555 554.3 553.6 553.1 552.8 552.7 552.7 552.9 553.1 553.5 554.1 554.9 556.1 558 560.6 564.2 569.3 577.1 589 600.5 610.7 620 628.8 636.4 643 648.2 653.2 659.4 666.8 675.1 683.1 690 696.3 703.1 712.3 723.8 732.7 737.5 741.5 745.1 749.4 754.4 759.8 775.2 790.8 801.6 819.3 838.5 852.3 848.7 839 837.4 837.5 836.5 833.2 829.1 825.2 820.1 813.5 806.4 798 787.4 777.1 768.5 764.8 763.7 763.1 761 754 746.1
572.1 565.6 562.4 561 559.6 558.4 557.3 556.3 555.3 554.6 553.9 553.5 553.3 553.2 553.2 553.3 553.5 553.9 554.5 555.2 556.3 558.2 561.3 565.4 570.9 578.1 589.7 600.8 610.7 619.9 628.2 635.6 640.6 643.9 648.4 654.3 660.8 667.8 675.5 682 687.2 693.4 702.8 714.8 722.5 723.3 726.7 733.3 742.9 752.8 762.8 777.6 794.7 809.7 821.9 835.6 840.4 828.7 820.4 819.2 821.1 821.8 819.8 816.7 813.5 809.8 804.9 799 791.9 782.3 772.3 762 758 756.6 755.8 752.2 747 740.7
569.9 562.3 560.3 560.1 559.8 559.1 557.8 556.6 555.6 554.9 554.3 554 553.8 553.6 553.6 553.7 553.9 554.4 554.8 555.4 556.5 558.4 561.8 566.8 573.2 580.2 590.4 600.3 609.5 618.3 626.1 632.1 636.3 639.4 643.1 648.5 654.6 660 666.9 673.7 677.8 682.9 691 698.4 705.3 713.5 723.9 736.8 749.1 758.4 771 785.1 799.8 813.6 823.6 829 824.7 811.1 802 802.3 805.7 807.7 806.6 804.2 801.6 798.5 794.4 789.2 782.9 775 766.8 758.6 753.5 750.8 748.6 744.7 739.6 734.1
567.5 564.7 562.5 561.5 560.8 559.5 558 556.8 555.8 555.2 554.8 554.4 554.2 554.1 554.1 554.1 554.3 554.7 555.2 555.9 557 558.7 562.2 567.6 574.2 580.9 589.3 598.4 607.3 615.7 623.3 628.9 632.6 635.4 638.2 643.2 648.4 652.7 657.5 663.4 668.1 674.4 681.5 688.1 701.2 718.8 734.9 747.2 758.3 767.7 779.9 793.6 804.8 814.9 821.1 821 813 799 788.5 787.1 791.9 795.2 794.5 792.3 789.9 787 783.5 779.1 773.4 766.5 759.2 753.4 749.1 746 743 738.9 732.9 726.9
577.2 572.9 568.2 564.7 562 559.6 558 556.8 556.1 555.6 555.2 555 554.7 554.6 554.5 554.6 554.7 555 555.5 556.5 557.8 559.4 562.8 567.8 573.7 579.9 587.7 596 604.9 613.5 620.6 625.8 629.6 632.5 635.7 639.7 644 645.6 648.8 653.6 657.7 664.6 674.9 689.1 709.3 728.2 743.7 756.7 766.1 771.6 783.3 800 807.2 812.1 815 812.8 803.9 789.6 777.1 773.1 777.4 782 782.8 780.9 778.2 775.5 772.7 769 763.9 757.8 752 747.7 744.3 741.6 738.9 735 728.4 720.1
585.7 578.2 572.2 566.6 562.5 559.7 558.1 557.1 556.6 556.1 555.7 555.5 555.2 555.1 555 555 555.1 555.3 555.9 556.8 558.3 560.3 563.5 568 573.3 579.5 586.6 594.3 602.6 610.9 617.8 623.1 627.4 630.7 633.5 636.6 642.2 638.1 640.2 644.5 649.6 658.1 671.5 691.6 714.5 732.4 747.2 760.8 768.6 767.1 777.8 797.9 801.8 803.5 805.5 802.4 793.6 780.8 766.3 760.2 764 769.4 771.1 769.4 766.6 764.2 762 759 754.4 748.9 744.3 741.1 739 737.4 735.2 732 727 721.6
590.3 581.2 574.3 567.8 562.8 559.9 558.6 557.8 557.2 556.6 556.2 555.8 555.6 555.5 555.5 555.5 555.5 555.7 556.1 557 558.5 560.8 564.1 568.4 573.5 579.4 586 593.1 600.7 608.2 615 621 626.1 629.8 632.3 634.5 636.5 633.4 634.1 638.2 644.2 653.7 668.6 690 713.9 727.5 738.3 750 761.7 759.2 767.5 781 788.5 790.6 792.7 790.4 784.5 774.9 761 753 754 758.5 760 758.4 756.4 754.4 752.4 749.4 744.8 739.7 735.9 734.1 733.6 733.4 732.2 730.1 727.1 723.6
596 584.6 575.9 568.9 563.8 561.1 559.9 558.9 557.9 557.1 556.5 556.2 556 556 556 556 556 556.1 556.3 557.1 558.6 561.1 564.5 568.9 574.2 579.9 586.2 592.7 599.5 606.5 613.2 619.9 625.7 629.6 631.2 630.8 628.9 627.4 629.5 634.9 641.8 650.3 663.4 680.4 701.5 711.9 719.7 731.5 746.5 755 762.9 771 776.1 778.5 779.6 778.7 775.3 768 756.8 747.8 744.9 746.4 747.8 747.7 747 745.5 743.4 739.9 734.9 730.2 727.3 727.3 728.6 729.7 729.5 728.6 727 724.6
599.2 587.1 577.1 570.4 565.8 563.4 561.9 560 558.7 557.5 556.7 556.4 556.3 556.4 556.4 556.5 556.4 556.4 556.5 557.1 558.6 561 564.7 569.6 575.1 580.8 586.9 593.1 599.3 605.8 612.4 619.5 625.8 629.5 629.6 626 621.1 620.7 626 631.9 638.7 647.4 658.7 671 688.5 701.6 712.9 726.8 739.2 752.2 764.2 764 764.5 765.4 766.1 766.3 765.2 759.7 751 741.9 735.3 733.7 735.4 737.2 737.7 736.8 734.6 730.9 725.1 721.8 719.9 722.1 724.8 726.2 726.7 726.7 726.2 724.7
599.8 588.5 579 572.6 568.2 565.5 563.6 560.5 559.2 557.7 556.9 556.6 556.6 556.7 556.8 556.9 556.8 556.7 556.7 557.1 558.2 560.3 564.6 570.2 576.2 581.9 587.9 594 600 606 612.5 619.2 625.5 628.7 626.8 620.2 614.4 616.7 625.1 631.1 637.5 647.4 660.1 672.3 687.8 705.2 720.8 727.2 734.5 744.8 752.4 752.9 752.7 752.7 753 753 753.3 750.5 744.7 736.3 727.2 722.4 724.8 727.9 729.1 728.2 725.7 722.2 717.1 716.8 717.2 720.6 722.4 722.9 723.1 723.8 724.8 724.6
598.6 589.3 581.6 575.6 571 567.4 564.6 560.5 559.4 557.9 557 556.7 556.8 557 557.2 557.3 557.1 556.9 556.7 556.9 557.7 559.8 564.2 570.2 576.7 582.9 588.9 594.9 600.7 606 610.9 616.5 623.5 625.3 620.7 610.7 613.1 620.6 627.4 633.9 642 653.3 668.5 680.4 692.2 707.5 721.3 722.4 725.6 732.9 738.5 740.3 740.2 739.9 739.9 740.3 741 740.6 737.8 732.3 723.9 715.7 716.4 719.5 720.8 719.4 716 712.8 712 715.2 720.5 721.5 719.8 719.6 719.9 720.9 723.2 724.1
596.2 591.1 585.8 579.8 574.2 569.5 565.7 560.9 559.6 558.2 557.3 556.9 556.9 557.1 557.3 557.4 557.3 557.1 556.8 556.8 557.5 559.7 563.4 569.3 576.2 582.8 589 595.1 600.9 605.8 608.9 611.3 618.6 615.3 606.6 602.6 613.8 624.4 630.9 638.8 649.2 662 676.3 685.6 693.1 700.2 706.5 708.5 713.2 720.7 725.8 727.5 727.3 727.1 727.7 728 729.3 730.5 730.8 727.8 719.5 709.5 707.7 710.2 711.7 709.9 706.1 703.6 707.1 713.4 718.5 718.2 715.4 715.7 716.4 718.2 722.3 722.9
600.6 597.4 592.7 585.2 577.8 571.8 567 562.9 559.9 558.9 557.8 557.3 557.1 557.2 557.4 557.6 557.5 557.3 557 556.9 557.4 558.9 562 567.8 574.7 581.5 587.7 593.8 599.9 604.7 607.2 606.1 605.1 599.6 599.5 606.4 615.6 625.2 633 640.7 650.8 661 672.5 683.4 687.8 685.4 685.7 690.6 700.2 709.1 714 715.2 714.6 714.7 716.6 715.8 718.2 720.5 723.7 722.7 714.8 705.1 699.2 700.8 702.3 700.1 696.6 696.4 702.3 707.9 710.7 708.9 710.2 712.9 716.2 719.6 722.1 721.4
614.1 609.6 601.8 592.4 582.8 575.6 570.1 565.6 560.8 559.8 558.7 557.8 557.3 557.3 557.5 557.7 557.7 557.6 557.2 557 557.3 558.3 561 566.4 572.8 579.2 585 590.6 596.2 600.8 603.6 598.9 596.4 595.5 600.2 608.5 617 623.8 629.8 635.6 644.4 653.4 669.8 676.6 674 668.7 668.3 675.5 687.9 697.3 702.1 703.3 703.2 703.9 705.1 704.9 707.6 711.8 716 716.7 711.6 702.9 694 691.7 691.9 690.2 688.1 691.7 697.4 699.8 700.3 702.1 706.3 710.9 715.4 719.3 720.7 716.9
627.2 620.8 611.4 601.9 590.5 581.5 574.8 569 564.2 560.8 559.9 558.6 557.8 557.6 557.8 558 558.1 557.9 557.6 557.4 557.5 558.3 560.8 565.2 570.7 576.3 581.3 585.8 590 593.5 595.7 593.4 591.8 593.8 599.3 606.3 614.1 619.5 623.5 628.9 637.6 647.9 663.6 663.7 657.3 655.3 658.6 667.5 678.8 687.2 691.4 692.3 692.1 693.1 695.7 695.2 699.8 705.4 708.8 709.2 706.4 699.8 690.3 683.7 682.3 681.4 681.9 686.7 691.6 693.5 695.4 698.6 704.3 709.8 714.3 717.4 716.4 711.5
637.9 630.1 620.8 612 600.6 589.4 581.1 573.2 567.8 564.6 561.8 559.7 558.7 558.3 558.6 558.9 558.9 558.6 558.1 557.9 558 558.7 560.7 564.3 568.6 572.9 577.1 580.2 582.8 585.1 587.1 587.6 588.2 590.8 595 600.6 607.1 612.1 616 622.2 631 641.2 651.5 647 643.2 646 652.5 661.4 671.1 678.7 681.7 682 681.4 681.7 685.9 690.8 697 701.2 702 700.3 698.5 694.7 687.6 679.5 674.9 674.9 677.6 681.5 684.6 689.5 694.3 699.4 704.5 708.7 711.6 712.5 710.2 706.4
648.6 640.2 630.8 621.6 609.6 597.6 587.5 577.1 570.6 566.8 564.1 561.5 560.2 560 560.2 560 559.8 559.5 558.9 558.5 558.7 559.4 560.9 563.4 566.6 569.8 572.7 575 576.7 578.1 580.8 582.3 584.1 586.7 590.1 594.2 599.3 604.4 609.3 615.7 623.5 631.1 637.2 635.1 635.8 641.5 648.7 655.9 663.2 669.7 672.2 672.7 672.7 672.3 679.6 687.8 694.6 697.1 694.3 691.6 689.6 687.4 683.1 676.2 669.5 671 674.5 677.8 680.9 688.7 696.3 702 705 706.9 707.6 706.6 704.1 701.1
658.6 649.7 640.1 630.2 616.6 604.9 593 581.2 574.1 570.2 567.6 565.4 564.1 564 563.9 563.4 562.1 560.8 559.7 559.2 559.1 559.7 560.9 562.7 565 567.4 569.5 571.3 572.8 574.9 577.2 578 580.2 582.6 585.4 589.1 593.7 598 603.4 609.5 615.8 620.7 624.6 629.7 635.6 641.6 646 650.3 654.8 659.4 662.7 665.3 667.6 670.8 677 685.2 690.6 691.4 687.8 683.4 679.9 678.4 675.9 671.4 666 669.1 673.1 677.3 682.5 690.8 698.4 702.3 703.9 704 702.8 700.7 698.9 697
668.2 658.1 648.6 638.3 625 613.7 601.7 588.6 579.4 575.2 573 571.1 569.5 568.5 567.6 566.3 564.6 563 561.6 559.9 559.3 559.7 560.8 562.2 563.9 565.6 567.2 568.9 570.5 572.3 574.1 575.5 577.3 579.1 581.2 584.7 588.8 593.2 598.5 603.3 608.1 613.2 619.1 627.1 635.2 640.4 642.2 644.2 646.4 649.6 654.2 659.6 665.4 671.4 677.6 683 685.9 685.4 681.4 675 669.6 667.4 666.7 665.6 664 669 674.1 680.2 685.7 691.7 697.1 700 700.5 699.9 697.4 694.6 694 695.3
678.9 666.7 656.6 647.2 636.3 624.9 613.3 599.9 587.6 581.9 580.1 577.8 575.5 573.3 571.3 569.2 567.1 565.2 563.2 561 559.6 559.8 560.8 562 563.2 564.5 565.8 567.3 568.8 570.4 571.8 573.3 574.9 576.4 578.3 581.2 584.7 588.9 593.4 597.4 601.5 608.6 616.8 624.2 630.8 634.2 636 637.7 639.4 641.6 647.4 655.7 664.8 672.8 678.2 680.5 680.5 677.8 673.3 665.7 658 655 656.7 659.8 662.5 670.7 677.6 683.2 686.8 689.9 693 695.1 695.1 693.9 691.4 689.5 689.8 692.6
688.2 676.7 663.7 654.5 645.9 636.1 625 612.4 600.1 592.3 587.4 583.7 580.6 577.7 574.7 572 569.5 567 564.8 562.7 561.2 560.9 561.3 562 562.9 563.9 565 566.3 567.7 569 570.4 571.7 573.1 574.6 576.3 578.5 581.4 584.8 588.6 593.1 598.4 604.4 611.7 618.7 623.8 625.9 628.5 631.8 634.9 637 643.8 653.7 664.2 674.1 679.8 676.5 673.6 670.4 665 656.9 646.3 644 648 654.9 662.7 672.2 679.7 683.1 685.2 685.7 686.6 688.5 688.8 687.5 685.3 684.6 686 688.3
694.1 682.4 669.1 659.7 651.9 643.6 633.5 621.8 609.9 600.1 592.9 587.8 584.1 581.3 577.8 574.6 571.7 568.9 566.4 564.4 563 562.3 562.1 562.4 562.9 563.7 564.6 565.6 566.8 568 569.4 570.7 572 573.4 574.9 576.7 578.9 581.4 584.4 589.3 594.8 599.2 603.9 609.8 614.6 617.9 622.1 626.9 631.8 637.3 643.9 652.6 662.1 670.6 674.7 672.1 668.2 663.9 657.5 648.7 638.8 638.7 648.8 657.6 664.3 671.2 676.8 679.7 681.3 680.7 680.7 682.4 682.8 681.8 679.7 680.6 682.5 683.1
697.5 682.7 670.9 661.9 654.1 646.9 638.4 627.6 616.3 604.4 596 590.3 586.3 583.4 580.2 576.8 573.5 570.5 568 566 564.5 563.5 563 562.9 563.1 563.6 564.4 565.2 566.3 567.4 568.7 570 571.3 572.6 574 575.5 577.2 579.2 580.8 585.6 590.7 594.6 597.8 601.4 607.5 615.7 619.9 623.7 629.8 637.3 644.2 651.2 658.1 663.8 666.5 665.6 662.7 658.5 652.3 643.3 634.1 637.8 649.8 658.8 663.2 667.4 671.8 674.7 676.2 676.8 677.4 677.5 677.3 677 677 678.9 679.4 677.7
