Demo/Ecrins/ecrins.asc
ncols 250
nrows 250
xllcorner 900000
yllcorner 1900025
cellsize 25
nodata_value -99999
[rows 70 to 104 of 250, columns 156 to 233 of 250]
574.3 571.8 570 568.9 568.8 569.6 571.5 574.4 578.4 581.4 581.5 579.8 577.3 574.7 572.9 572.6 574 576.9 580.5 583.9 587.1 589.6 591.4 592.3 592.5 592.1 591.5 590.6 589.6 588.7 587.8 586.8 585.4 583.2 580.3 575.9 569.9 563.5 557.5 552.5 548.8 547.6 549.7 553 554.8 554.7 553.1 550.9 548.6 546.3 544.2 542.3 539.7 538.6 537.5 536.4 535.4 534.7 534 533.4 532.8 532.3 531.8 531.2 529.6 531.2 530.9 530.4 529.9 529.5 529.2 529 528.6 528.2 527.6 526.9 526.1 525
575.4 572.9 571 570.1 570.2 571.2 573.2 576 579.2 581.4 581.8 580.7 578.7 576.5 574.9 574.4 575.5 578 581.5 585.4 588.9 591.7 593.6 594.6 594.9 594.6 593.8 592.8 591.8 590.8 589.9 588.8 587.4 585.3 582 576.5 569.1 561.2 556 553 552 553.6 557 560 560 558.8 557.3 555.2 552.9 550.8 549.2 547.3 544.6 542.7 541 539.3 537.9 536.8 535.9 535.2 534.5 533.8 533 531.8 530.7 531.4 531.6 531.3 530.9 530.5 530.2 529.9 529.5 529.1 528.6 527.8 526.9 525.9
576.6 574.1 572.3 571.5 571.5 572.5 574.2 576.7 579.2 581.2 582.2 581.5 579.6 577.5 576.1 575.8 577 579.7 583.6 587.9 591.5 594.1 595.8 596.8 597.2 596.9 596 594.8 593.4 592.1 590.9 589.7 588.3 586.1 582.4 576.3 568.4 560.1 555.7 554.3 555.3 558 561.5 563.4 563.3 562.4 561.3 558.8 556.1 555.1 554.7 553.3 551 548.2 545.5 543.1 541.3 539.7 538.2 537.1 536.3 535.3 534.2 533.1 532.2 532.1 532 531.9 531.7 531.4 531.2 530.9 530.5 530.1 529.5 528.8 527.8 526.8
577.7 575.4 573.7 572.9 572.9 573.5 574.7 576.3 578.6 580.8 582.2 581.9 579.9 577.9 576.8 577 579.2 583.2 587.8 592 594.9 596.8 598.1 599 599.5 599.3 598.2 596.5 594.5 592.5 590.8 589.3 587.9 585.7 582 575.6 567.7 560 556.5 555.9 557.8 560.7 563.9 565.8 566.2 565.7 564.5 560.4 557.8 559.1 559.7 558.9 557.1 553.5 550.2 547.7 545.7 543.4 541.3 539.5 538.3 537.1 535.8 534.5 533.5 532.9 532.7 532.6 532.5 532.4 532.2 531.9 531.6 531.1 530.6 529.8 528.9 527.9
578.6 576.7 575.3 574.5 574.2 574.4 575.1 576.2 578.1 580.2 581.7 581.8 580 578 577.2 578.8 582.6 587.7 592.9 596.8 598.7 599.6 600.4 601.2 601.6 601.4 600.2 597.8 594.7 591.8 589.5 587.7 586 583.8 580.4 574 566.7 559.9 557.4 557.1 559.4 562.8 565.9 568.2 569 568.2 565.6 560.3 560.7 562.4 563.2 562.7 561.1 557.4 554.4 552.3 550.4 547.9 545.3 542.4 540.7 539 537.3 535.8 534.6 533.8 533.5 533.4 533.3 533.2 533.1 532.8 532.5 532.1 531.6 530.9 530.1 529.1
579.6 578.3 577.1 576.2 575.6 575.4 575.7 576.5 577.8 579.6 581.2 581.8 580.7 578.3 577.8 581.2 586.6 592.4 597.8 601.3 602.4 602.7 603 603.5 603.7 603.2 601.6 598.2 594.2 590.2 587 584.7 583 580.5 577 571.4 565.2 559.9 558.3 557.7 559.8 564.3 568.3 570.9 571.7 570.5 567.3 563.5 564.1 565.2 565.4 564.3 562.1 559.3 557.7 557 555.5 552.7 549.3 546 543.4 540.7 538.5 536.7 535.6 534.8 534.4 534.2 534.1 534 533.9 533.7 533.4 533 532.5 532 531.3 530.4
581 580.1 579 577.9 577 576.5 576.5 577.1 578.1 579.5 581 581.8 581.4 579.2 579.1 584.2 590.4 596.4 601.2 604.3 605.7 606 606 605.9 605.4 604.2 601.7 597.7 592.7 587.8 583.8 581 579.3 576.8 573.3 568.8 564 560.4 559.8 559.2 561.8 567 571.7 574.2 574.6 573.3 571 568.8 568.3 568.2 567.3 565.1 562.2 560.4 560.8 561.3 560 557 553 548.8 544.9 541.7 539.1 537.4 536.4 535.8 535.5 535.2 535 534.8 534.6 534.5 534.2 533.9 533.5 533.1 532.6 531.8
583 582.3 580.8 579.3 578.3 577.8 577.7 578 578.9 580 581 581.7 581.6 580.8 581.5 587 593.8 599.7 604.1 607.1 608.8 609.2 608.9 608 606.7 604.6 601.2 596.3 590.6 585.2 580.9 577.9 576 573.8 570.9 567.3 564 562.1 561.9 561.8 565.2 571.6 576.4 578.2 577.9 576.9 575.5 574.4 573.1 571.7 569.7 567.1 564.3 563.4 564.4 564.9 563.6 560.9 556 550.3 545.3 541.6 539.2 538 537.5 537.1 536.7 536.3 535.9 535.6 535.3 535.1 535 534.8 534.5 534.3 533.9 533.3
585.7 584 581.7 579.9 579.5 579.6 579.4 579.3 580 580.8 581.6 582.1 582.4 582.8 584.8 590.1 596.9 602.7 606.9 609.8 611.7 612.2 611.6 610 607.6 604.5 600.1 594.4 588.3 583 578.9 576.3 574.3 572.3 569.7 566.9 564.6 563.6 564 565.8 570.1 576.9 581.2 581.9 581.4 580.5 580 579.3 577.5 575.5 573.1 570.6 568.6 567.9 568.2 568.1 566.7 563.6 557.5 550.5 544.3 540.2 538.8 538.7 538.9 538.7 538.2 537.4 536.8 536.2 535.9 535.7 535.7 535.6 535.6 535.6 535.4 535
588.7 586.2 582.2 579.8 580.9 581.6 581.5 581.5 581.8 582.3 582.7 583.2 583.9 585.1 587.9 592.7 599 604.8 609.3 612.5 614.5 615.1 614.2 612 608.4 603.7 598.5 592.9 587 581.5 578.3 576.4 574.4 572.2 569.7 567.4 565.8 565.3 566.3 569.3 574.1 580 584.1 585.1 584.9 584.2 583.6 582.7 581.1 579.4 576.9 574.8 573.4 572.6 571.9 570.9 568.6 564.2 557.4 549.7 543.3 539.5 539.2 540.1 540.6 540.5 539.6 538.6 537.6 536.9 536.4 536.3 536.4 536.6 536.8 537 537.1 536.9
592.1 588.5 583.7 581.1 582.1 583.3 583.6 583.8 584 584.4 584.7 585.2 586 587.5 590.2 594.4 600.2 606.2 611.4 615 617.1 617.6 616.7 614 609.6 603.5 597.7 592.9 588.1 583.5 580.3 578.2 575.8 573 570.5 568.6 567.4 567.4 568.9 572.5 577.9 583.2 586.6 588 588 587.4 586.6 585.5 584.1 582.6 580.5 579 577.9 576.9 575.4 572.9 569.3 564.1 556.5 548.7 543.1 540.8 540.8 541.9 542.2 542 541.1 539.8 538.6 537.6 537 536.9 537.1 537.6 538.2 538.8 539.1 539.1
596.2 592.6 588.6 585.9 585 585.3 585.8 586.2 586.6 587 587.5 587.9 588.5 589.7 592 595.6 600.9 607.3 613.3 617.6 619.3 619.7 619.1 616.6 611.8 605.5 599.8 595.3 591 587 583.6 581.1 577.5 574.1 571.6 570.1 569.6 570.1 571.9 576 582 586.8 589.5 590.6 590.7 590 589 587.9 586.7 585.3 583.8 582.5 581.3 580.2 577.7 573.8 568.9 562.8 555.4 548.2 543.7 543.2 543.1 543.6 543.9 543.5 542.5 541.2 539.7 538.5 537.7 537.5 537.9 538.7 539.9 541 541.5 541.7
601 597.3 593.4 590.3 588.3 587.7 588.1 588.8 589.5 590.1 590.6 591 591.3 591.9 593.4 596.5 601.5 608.1 614.8 620 621.2 621.4 621.2 619.4 615 609.2 603.8 599.2 594.8 590.4 586.4 583.1 578.7 575.1 572.9 572 572.3 573.7 576.2 581.7 587.6 591.3 592.9 593.3 593 592.2 591.2 590.1 589 587.8 586.6 585.3 583.8 582.1 578.5 573.3 567.4 561 554.5 549.1 546.1 545.4 545.4 545.8 545.9 545.5 544.4 542.7 541 539.7 538.7 538.2 538.7 540.2 542 543.5 544.3 545
604.8 601.5 597.5 593.9 591.5 590.6 590.9 591.9 592.9 593.6 594 594.3 594.4 594.4 594.7 596.7 601.5 608.4 615.7 621.2 622.9 623.2 623 621.8 618.2 612.6 607.6 603.1 598 592.8 587.9 583.3 579.1 575.9 574.2 574 575.3 578.1 582.1 588.5 594.4 597.1 597 596.3 595.4 594.4 593.3 592.2 591.1 589.9 588.6 587.1 585.1 582.1 577.6 571.7 565.3 559.1 554 550.4 548.4 547.9 548.1 548.4 548.5 548 546.7 544.8 542.8 541.2 540 539.3 539.3 541.2 543.9 546 547.6 548.9
608.5 605.2 600.9 597 594.5 593.8 594.4 595.9 597 597.5 597.6 597.9 598 597.4 596.5 596.6 601.2 608.5 616.1 621.2 623.7 624.6 624.4 623.2 620 615 610 605.2 599.8 594.2 588.7 583.6 579.6 577.1 575.7 576.1 578.6 582.9 589.2 597 602.9 604.1 601.7 599.8 598.2 596.7 595.5 594.5 593.1 591.6 589.7 587.6 584.9 580.5 575.3 569.3 563 557.5 553.8 551.4 550.4 550.5 551.2 551.8 551.9 551.1 549.4 547.2 544.9 543 541.7 540.6 540 541.9 545.3 548.4 551.1 553.2
612.2 608.7 604.1 599.8 597.5 597.7 598.9 600.5 601.8 601.7 601.1 601.5 601.7 600.6 599.2 598.3 601.9 608.7 615.7 620.9 624 625.2 625 623.5 620.3 615.6 610.6 605.5 600.2 594.7 589.5 584.9 581.5 579.3 577.7 577.9 582.2 589 596.9 605.6 611.4 611.7 608.5 605 601.8 599.6 598.3 596.9 595.1 592.7 589.9 586.7 583 577.8 572.2 566.6 561.1 556.6 553.7 552.3 552 552.9 554.3 555.5 555.8 554.4 552.2 549.5 547 544.8 543.2 541.9 541.4 543.3 547 551.1 554.6 557.8
616.5 613.3 608.5 603.5 601.1 602.7 604.5 605.9 606.8 606.4 605.5 605.4 605 603.5 601.8 600.1 603.2 609.3 615.9 620.7 624 625.5 625 622.8 619.2 614.9 610.1 604.9 599.9 594.8 590.3 586.6 584 582.2 580 580.2 586.6 595.2 603.5 611.8 619.2 618.1 614.5 610.6 606.7 603.7 601.6 599.5 596.7 593.3 589.1 584.5 580 574.7 569 563.9 559.4 556 553.8 553 553.5 555.1 557.5 559.6 560.1 557.6 554.6 551.7 548.9 546.4 544.3 543.1 543.1 545 548.9 553.8 558.2 562.5
621.7 619 614 609.5 607.4 608.5 610.3 611.6 612.2 611.7 610.5 609.2 607.7 605.8 603.7 602.5 605.2 610.4 616 620.7 624 625.8 625.2 621.5 617.6 614 609.4 604.2 599.5 595 591.1 587.9 585.7 584.3 582.2 584.4 593 600.9 606.9 611.8 617.3 620.4 619.8 615.8 611.4 607.9 605.1 602.2 598.1 593.1 587.7 582.1 576.9 571.6 566 561 557.8 555.4 554 553.7 554.8 557.2 560.5 563.5 563.1 560 556.9 553.7 550.5 547.7 545.4 544.2 544.4 546.4 550.4 555.8 561.6 567.3
627 624.1 620 616.4 614.7 615 616.6 617.9 618.2 617.2 615.2 612.8 610.3 607.9 606 605.7 607.7 611.7 616.5 620.9 624.4 626.2 625.7 622.2 617.7 613.5 609.2 604.5 599.5 595.2 591.7 588.9 586.8 585.5 585.2 589.9 598.4 605 609.3 612.6 617.6 620.4 620.9 619.3 615.2 611.5 608 604.2 598.8 592.2 585.6 579.6 574.2 569.2 563.9 558.9 556.5 555.1 554.5 554.9 556.3 559.6 563.7 566.4 566.1 563.2 559.2 555.4 551.8 548.6 546.3 545.1 545.3 547.2 551 556.5 563.5 570.9
632.5 629.2 625.9 623.5 622.1 622.3 624.1 625.3 624.8 622.6 619.6 616.2 612.8 610.2 608.8 608.8 610.4 613.4 617.3 621.8 625.3 627.1 626.8 623.3 618.4 613.8 609.3 604.7 599.7 595.7 592.4 589.8 588.1 587.8 589.8 595.1 601.6 607.1 611.3 615.1 619.4 621.2 621.9 621.1 617.7 613.9 609.8 604.9 598.3 590.4 582.7 576.6 571.6 567.3 563 558.8 556.3 555.3 555.5 556.5 558.6 562.5 567.1 570 569.8 566.2 561.2 556.7 552.6 549.4 547 545.8 545.8 547.5 550.9 556.3 563.7 572.5
637.8 634.4 632 630.3 629.6 630.3 632 632.7 630.9 627.3 623 618.8 615.2 613 611.8 611.9 613.3 616 619.8 624 627.3 628.7 627.5 623.8 619.2 614.6 609.9 605.3 600.6 596.7 593.5 591.1 589.9 590.5 593.5 598.6 603.7 608.4 612.6 616.4 619.7 621.7 622.5 622 619.6 615.4 610.3 604.1 596.7 588.5 580.1 574.1 569.3 565.4 562.1 558.6 556.6 556.1 557 558.7 561.2 565.5 570.8 574.8 573.8 569 562.9 557.5 553.1 549.8 547.5 546.2 546.1 547.2 550 554.9 562 571.9
643.7 640.2 638.4 637.2 636.8 637.7 639.4 639.2 636 630.7 625.3 620.3 617.5 616.3 615.4 615.3 616.7 619.7 623.3 627.2 630.3 631.5 629.8 625.2 620.5 615.8 611 606.5 602.2 598.2 594.9 592.7 591.9 592.9 595.8 600.2 604.7 609 613.1 616.8 619.9 622.3 623.2 623 620.8 616.2 610.1 602.5 594.7 586.6 579 572.9 567.6 563.1 560.2 558.2 557.1 557.2 558.7 560.9 564.2 568.6 573.7 579.7 577.2 570.6 563.4 557.5 553.2 550.2 548.1 546.8 546.3 546.8 548.9 552.9 560 571.1
650.6 647.4 645.3 643.9 644 644.4 644.4 642.8 638.6 632.4 626 620.7 620.2 620.5 619.7 619.2 621.1 624.4 627.7 631.2 634.2 635.7 634.5 629.7 623.5 617.6 612.5 608 603.8 599.8 596.6 594.6 594 594.9 597.3 601 605.2 609.3 613.1 616.7 619.9 622.6 624.1 623.7 621.4 616.4 609.7 602.1 593.2 584.8 578.9 573 567.1 561.9 559 557.9 557.8 558.5 560.6 564.3 568.5 572.3 576 580.4 578.6 570.5 562.4 556.9 553.2 550.7 548.8 547.4 546.6 546.6 548.1 551.8 559.2 571.2
657.6 654.3 651.6 649.8 649 648.3 646.7 643.8 639.1 633.1 627 622.7 623.6 624.8 624.2 623.8 626.2 629 632.2 635.5 638.6 640.3 640.2 635.2 627.5 620 614.6 609.9 605.6 601.6 598.6 596.8 596.3 596.9 598.8 602.1 605.9 609.5 612.8 616 619.2 622.1 624.4 623.8 620.8 615.5 608.7 601.3 591.8 583.9 579.7 573.4 567.3 562.4 559.4 558.3 558.7 560.2 563.4 568.4 573.5 576.7 578.6 580.1 576.9 568.7 561 556.5 553.6 551.4 549.7 548.2 547.2 546.9 548.1 551.7 559.2 571.4
664.2 660.3 656.8 654.1 652 649.9 647.2 643.5 638.8 633.7 629.5 627.4 628 628.7 628.8 629.1 630.9 633.6 636.8 639.9 642.8 643.8 643 640 631.2 623.4 617.3 612.1 607.7 604 601.3 599.5 598.8 599.6 601.5 604 607.1 610.1 612.8 615.1 617.6 620.3 621.6 620.7 617.9 613 606.4 599.1 590.2 582.2 578.7 573.2 567.5 562.9 559.9 558.9 559.5 561.9 566.4 572.3 578.3 580.4 580.4 579.6 574.8 567.3 560.7 556.9 554.4 552.4 550.7 549.1 548.1 547.8 548.9 552.4 559.1 569.2
669.6 664.9 660.6 656.9 653.5 650.2 646.5 642.2 637.9 634.5 632.7 632.6 633.4 633.9 633.6 633.7 635.3 638.3 641.7 644.3 645.9 645.9 644.7 642.8 634.1 626.5 620.2 614.9 610.4 606.8 604.2 602.3 601.7 602.5 604.2 606.2 608.7 611 613.2 615 616.8 617.9 617.4 616 613.7 610 604.9 599 590 580.8 576.8 572.2 567.2 562.6 559.6 559.2 560.4 563.9 569.1 574.9 580.4 582.3 581.8 579.2 573.7 566.7 561.3 558.3 555.7 553.5 551.7 550.4 549.4 549.2 550.3 553.3 558.9 567.1
673.7 668.2 663.2 658.4 653.9 649.6 645.3 640.4 637 635.8 636.3 637.6 639.2 639.6 638.3 637.5 639.6 643.2 646.4 648.3 648.7 647.7 645.7 642.8 635.6 628.8 622.8 617.6 613.1 609.6 607.1 605.5 605 605.6 607.1 608.8 610.7 612.6 614 614.9 614.8 613.7 611.8 610.2 608.8 606.6 603.4 600 591.1 582.5 576.2 571.1 566.5 562 559.1 559.3 561.8 566.1 571.5 576.8 580.7 582.2 581.7 579 573.5 567.8 563.6 560.2 557 554.6 552.8 551.7 550.9 550.9 551.9 554.3 558.3 564.5
676.5 670.6 664.9 659.2 653.5 648.4 643.8 639.2 637.4 638.1 640.8 643 644.6 644.6 642.6 641.6 644.3 648.2 651.1 652.3 651.8 649.8 646.6 642.2 636.4 630.4 624.9 620.1 615.8 612.5 610.1 608.7 608.4 608.9 610.1 611.6 613.2 614.4 615 614.6 612.8 609.4 605.7 604 603.8 603 599 595.2 589.6 583.1 575.7 569.9 565.3 561.5 559.4 560.2 563.5 568.3 573.6 578.1 580.9 581.5 580.2 577.8 573.4 568.8 564.7 561.1 557.9 555.5 554.1 553.1 552.6 552.7 553.4 555 557.6 562.2
678.7 672.6 666.2 659.6 653 647 642.1 638.9 639.9 642.9 645.9 647.9 648.8 648.5 647.3 647.6 650.5 653.9 656.3 657 655.7 652.6 647.7 642.1 636.9 631.5 626.7 622.4 618.6 615.5 613.5 612.4 612.1 612.5 613.5 614.9 615.9 616.4 615.9 614.1 611.1 606.4 600.3 598.7 598.4 597.7 594.1 589.5 584.7 579.7 573.9 568.6 564 560.8 560.2 562.1 565.6 570.3 575.5 579.7 581.4 581.1 579.5 576.5 572.9 568.8 564.8 561.3 558.5 556.6 555.4 554.7 554.3 554.3 554.8 555.9 557.7 561.1
681.5 674.3 667.1 659.8 652.9 646.7 642.1 641.9 644.3 648.1 650.7 652.3 653 652.9 653.1 654.4 657.1 660.1 662 662.2 660.2 656 650.2 643.7 637.7 632.6 628.3 624.6 621.2 618.8 617.3 616.4 616.2 616.5 617.2 618.4 619.1 618.4 616.3 613.3 609.4 604.9 599.4 595.7 593.7 591.8 588.7 584.4 578.4 575.1 571.4 567.4 563.7 561.5 562.2 564.7 568.3 572.3 576.6 580.7 581.6 580 577.2 574.9 571.9 568.4 564.6 561.3 559.1 557.8 557 556.3 555.9 555.7 556 557 558.5 561.4
683.3 675.4 667.6 660.3 653.9 648.6 645.7 646.7 649.5 652.9 655.5 657 657.7 658.1 658.9 660.7 663.5 666.3 668.2 668.2 665.4 660.3 653.5 645.9 639.1 634.2 630.2 627 624.4 622.7 621.6 621.1 620.9 621.1 621.6 622.1 621.7 619.5 615.9 611.7 607.3 603.1 598.2 593.7 590.2 586.6 582.9 579.6 574.8 572 569.6 567.2 565.1 564.3 565.4 568 571.3 574.8 577.8 581 581.6 579.6 576.5 573.8 571 567.9 564.6 561.7 559.9 559.3 558.7 558 557.2 556.8 557 558.1 560.4 564.3
682.7 675.2 667.8 661.3 656 652.3 650.9 652.1 654.8 658 660.7 662.4 663.1 663.4 664.1 665.7 668.5 671.7 674.3 674.6 671.1 665.1 657.6 649.7 642.4 636.8 633 630.2 628.3 627.2 626.7 626.6 626.4 626.3 626.2 625 622.4 618.7 614.2 609.6 604.8 600.3 596.2 591.8 587.7 583.6 579.5 576.3 573.2 570.9 569.3 568.2 567.5 567.7 569.1 571.6 574.8 577.8 580.2 581.6 581.2 578.6 575.8 573 570.4 567.7 565.2 563.1 561.8 561 560.6 559.6 558.4 557.7 557.8 559.3 562.7 568.2
680.3 673.9 668 662.8 658.9 656.7 656.4 657.9 660.6 663.7 666.5 668.5 669.2 669 668.7 669.3 671.9 676 679.7 680.5 676.2 669.8 662 653.9 646.2 640.3 636.5 634 632.6 632.1 632.2 632.4 632.1 631 629.2 626.3 621.8 616.5 611.6 606.9 602.4 598 593.8 589.8 585.9 582 578 575.1 573 571.5 570.6 570.4 570.7 571.6 573.3 575.6 578.4 580.7 581.9 581.5 579.9 577.4 574.8 572.4 570.2 568.1 566.3 564.8 563.7 562.9 562.2 560.9 559.4 558.4 558.7 560.9 565.6 572.1
675.6 672.4 668.5 664.8 662.2 661.2 662 664 666.8 669.9 672.9 675.1 675.8 674.9 673.1 672 673.5 679.3 683.6 683.8 680.3 674 666.5 658.7 651.4 645.4 640.9 638.4 637.3 636.9 637.1 637.7 637 634.2 630.3 625.8 620.2 614.3 608.7 603.5 599.5 595.2 591.2 587.7 584.2 580.8 577.7 575.5 574.2 573.4 573.2 573.5 574.5 575.8 577.4 580 581.6 582.4 581.8 580 577.9 575.6 573.6 571.8 570.3 569 567.8 566.7 565.7 564.7 563.6 562.2 560.5 559.1 559.7 562.8 568.4 575.2
675.9 672.6 669.5 666.9 665.3 665.5 667.4 670.2 673.3 676.2 679 681.4 682.1 680.6 677.6 674.9 674.6 681.7 685.2 685.4 682.6 677.3 670.6 663.6 656.9 651.2 646.6 643.6 642.1 641.2 640.8 641.3 639.9 634.7 628.9 623.1 617 611.1 605.7 599.5 595.2 591.6 588.1 585.2 582.5 579.5 578.1 577.3 576.8 576.5 576.6 577.2 578.6 580.3 582 583.7 583.4 581.9 579.2 576.7 575 573.6 572.4 571.4 570.7 570 569.4 568.7 567.7 566.4 564.8 563.1 561.3 559.9 560.9 564.6 570 575.7
